evaluations raw_y
1 1.3007284079
11 1.3340448239
15 1.7531556802
32 2.1367521368
138 2.1663778163
301 2.2603978300
538 2.3629489603
677 2.3992322457
765 2.5562372188
1018 2.5987525988
1064 3.1172069825
1137 3.3156498674
1476 3.3875338753
1480 3.7091988131
1728 4.0983606557
1765 4.4483985765
5000 4.4483985765
evaluations raw_y
1 0.8722958828
2 1.3455328310
4 1.5762925599
26 1.6087516088
35 1.6254876463
84 1.7934002869
180 2.0525451560
191 2.3277467412
456 2.3992322457
460 2.6881720430
670 2.7352297593
728 2.9976019185
923 3.1806615776
1188 3.3156498674
1214 4.0983606557
5000 4.0983606557
evaluations raw_y
1 1.2794268168
2 1.3227513228
3 1.3455328310
9 1.4585764294
16 2.0525451560
78 2.1663778163
126 2.8344671202
471 2.9976019185
658 3.1806615776
5000 2.6881720430
evaluations raw_y
1 0.8440243079
2 1.0548523207
3 1.3227513228
5 1.4060742407
6 1.7730496454
21 1.8796992481
97 2.0000000000
119 2.6881720430
4204 2.7839643653
4577 2.9976019185
4909 3.1806615776
5000 2.9976019185
evaluations raw_y
1 0.8007687380
2 1.0339123242
6 1.0993843448
8 1.2794268168
10 1.3572204126
21 1.6778523490
29 1.9500780031
115 2.0525451560
122 2.2603978300
145 2.3992322457
173 2.4752475248
309 2.6427061311
605 3.1172069825
657 3.2467532468
854 3.4626038781
1372 3.7091988131
1655 3.7993920973
1796 3.8940809969
2202 5.0200803213
5000 5.0200803213
evaluations raw_y
1 1.5605493134
15 1.7730496454
46 2.0798668885
203 2.1079258010
218 2.1968365554
368 2.3992322457
585 2.5150905433
810 2.5987525988
830 2.7352297593
1317 2.8868360277
1525 2.9411764706
1565 2.9976019185
1593 3.1806615776
1913 3.2467532468
2432 3.4626038781
5000 3.4626038781
evaluations raw_y
1 1.1649580615
3 1.5605493134
10 1.7337031900
11 1.7934002869
34 1.9025875190
81 2.0259319287
105 2.0525451560
261 2.1367521368
279 2.2603978300
598 2.6427061311
722 2.8868360277
841 2.9411764706
1200 2.9976019185
1324 3.3875338753
1660 3.6231884058
2113 3.7993920973
5000 3.7993920973
evaluations raw_y
1 1.1071744907
4 1.5006002401
9 1.8355359765
10 1.9260400616
133 1.9747235387
187 2.2935779817
207 2.5562372188
329 2.7352297593
712 2.9976019185
770 3.0562347188
800 3.3156498674
1123 3.4626038781
1160 3.5410764873
5000 3.5410764873
evaluations raw_y
1 1.2588116818
2 1.6960651289
18 1.9025875190
159 2.1079258010
161 2.1968365554
228 2.3277467412
419 2.3992322457
752 2.5987525988
871 2.7352297593
1352 3.0562347188
1388 3.1172069825
1539 3.1806615776
1751 3.3156498674
1846 3.4626038781
2029 3.7091988131
5000 3.7091988131
evaluations raw_y
1 0.7886435331
2 0.8007687380
3 1.2100677638
5 1.3572204126
9 1.3691128149
26 2.1079258010
115 2.1968365554
349 2.2281639929
387 2.6881720430
796 2.8344671202
867 2.8868360277
1116 3.5410764873
5000 3.5410764873
evaluations raw_y
1 1.8796992481
19 2.1079258010
50 2.2281639929
189 2.3277467412
541 2.5987525988
719 2.8344671202
990 3.1172069825
1280 3.2467532468
5000 3.2467532468
evaluations raw_y
1 1.1150758252
3 1.2388503469
4 1.5923566879
8 1.6425755585
37 1.8796992481
72 1.9747235387
102 2.5562372188
518 2.5987525988
556 3.0562347188
880 3.2467532468
1260 3.3156498674
1266 3.4626038781
5000 3.4626038781
evaluations raw_y
1 0.7617306520
2 0.7886435331
3 1.1737089202
7 1.4318442153
10 1.8796992481
85 1.9260400616
120 2.1367521368
125 2.5987525988
557 2.6427061311
583 2.9976019185
659 3.0562347188
1275 3.1172069825
1466 3.5410764873
1562 4.0983606557
1995 4.7169811321
5000 2.5562372188
evaluations raw_y
1 0.8674531575
2 1.3935340022
6 1.5151515152
14 1.9260400616
200 2.0000000000
257 2.1663778163
286 2.2603978300
355 2.4366471735
441 2.4752475248
540 2.5150905433
716 2.5562372188
815 2.6427061311
958 2.7352297593
1106 2.8344671202
1116 2.9976019185
1404 3.3156498674
1637 3.5410764873
1791 4.2087542088
5000 4.2087542088
evaluations raw_y
1 1.7531556802
145 1.7730496454
181 1.9260400616
240 2.1079258010
341 2.1968365554
631 2.2281639929
642 2.4752475248
684 2.5987525988
913 2.7352297593
941 2.9976019185
977 3.1172069825
982 3.2467532468
1397 3.7993920973
5000 3.7993920973
evaluations raw_y
1 2.2281639929
2 2.3992322457
55 2.5987525988
255 2.6881720430
705 2.7352297593
710 2.8344671202
800 2.9411764706
803 3.2467532468
847 3.3156498674
1373 3.5410764873
1424 3.6231884058
1514 3.9936102236
5000 3.9936102236
evaluations raw_y
1 1.9747235387
99 2.3992322457
360 2.4752475248
464 2.6427061311
662 2.7839643653
767 2.8868360277
1032 2.9976019185
1092 3.0562347188
1467 3.1806615776
1673 3.5410764873
3355 3.6231884058
3658 3.9936102236
3827 4.7169811321
5000 2.6881720430
evaluations raw_y
1 0.9349289454
2 1.6778523490
3 1.8573551263
5 2.1079258010
45 2.2281639929
176 2.3277467412
204 2.6427061311
343 3.2467532468
871 3.6231884058
1264 3.9936102236
1331 4.0983606557
1479 4.7169811321
5000 4.7169811321
evaluations raw_y
1 1.8573551263
101 1.9500780031
145 2.0259319287
230 2.0798668885
296 2.1079258010
308 2.2935779817
429 2.5987525988
633 2.6427061311
658 2.8868360277
712 3.1172069825
944 3.2467532468
1809 3.3875338753
2006 3.6231884058
5000 2.1079258010
evaluations raw_y
1 1.3812154696
5 1.5605493134
12 1.6600265604
13 1.7531556802
127 2.1663778163
377 2.2603978300
467 2.2935779817
497 2.5987525988
615 2.6881720430
655 2.7352297593
844 2.8868360277
851 2.9976019185
998 3.0562347188
1063 3.1172069825
1465 3.2467532468
1501 3.5410764873
1677 3.6231884058
1988 3.7993920973
2909 3.8940809969
5000 2.5562372188
evaluations raw_y
1 0.9238728751
2 1.3455328310
5 1.4723203769
36 1.7337031900
41 1.8573551263
45 2.1367521368
121 2.2603978300
474 2.3992322457
781 2.5562372188
937 2.7352297593
1159 2.8344671202
1303 3.1806615776
1618 3.6231884058
5000 2.7352297593
evaluations raw_y
1 0.6222000996
2 0.7580351728
3 1.0477787091
4 1.0993843448
7 1.4188422247
18 1.6254876463
21 1.6600265604
42 1.6960651289
43 1.7934002869
59 1.9747235387
87 2.0259319287
158 2.1367521368
203 2.4366471735
320 2.5150905433
447 2.5987525988
492 2.8868360277
847 2.9411764706
1267 3.1172069825
1516 3.3875338753
2293 3.5410764873
2466 3.7993920973
5000 3.7993920973
evaluations raw_y
1 0.8674531575
2 1.4450867052
22 1.7146776406
118 1.7934002869
130 1.8796992481
145 2.0000000000
167 2.3277467412
337 2.7352297593
845 2.9411764706
1114 3.6231884058
1541 3.7993920973
5000 3.7993920973
evaluations raw_y
1 0.9077705156
2 1.7934002869
42 1.8796992481
124 2.0525451560
192 2.1079258010
241 2.5562372188
616 2.8868360277
760 3.1172069825
866 3.2467532468
1645 3.5410764873
3107 3.6231884058
3809 3.7993920973
4203 3.9936102236
5000 3.3875338753
evaluations raw_y
1 0.6819421713
2 0.8626639061
3 1.2195121951
4 1.2794268168
10 1.3227513228
16 1.5299877601
24 1.8142235123
29 1.8355359765
36 1.9500780031
134 2.3629489603
327 2.5150905433
413 2.7352297593
718 2.9411764706
835 3.1172069825
946 3.2467532468
1359 3.3156498674
1962 3.3875338753
2099 3.5410764873
2136 3.7091988131
2195 3.7993920973
5000 3.7993920973
evaluations raw_y
1 1.3227513228
8 1.4585764294
9 1.7730496454
19 1.9500780031
53 2.0000000000
75 2.0259319287
243 2.1968365554
327 2.2603978300
388 2.3629489603
591 2.5562372188
842 2.5987525988
913 3.1806615776
1096 3.2467532468
1186 3.3875338753
1312 3.4626038781
1397 3.7091988131
1458 3.9936102236
5000 3.9936102236
evaluations raw_y
1 0.7543753772
2 0.8090614887
3 1.0548523207
5 1.2291052114
9 1.2487512488
13 1.3007284079
17 1.3455328310
20 1.7146776406
89 1.7934002869
104 1.9260400616
111 1.9747235387
160 2.0000000000
267 2.0259319287
337 2.1968365554
455 2.5987525988
896 2.7352297593
1006 2.7839643653
1282 3.4626038781
2121 3.6231884058
2609 4.2087542088
5000 4.2087542088
evaluations raw_y
1 1.4318442153
17 1.7146776406
45 2.0000000000
86 2.4752475248
366 2.5150905433
597 2.5987525988
725 2.6427061311
776 2.6881720430
934 3.1806615776
1342 3.7091988131
1978 4.0983606557
2176 4.3252595156
2258 4.4483985765
5000 3.2467532468
evaluations raw_y
1 0.7543753772
2 1.1737089202
13 1.3455328310
16 1.5151515152
19 1.6254876463
27 2.1079258010
137 2.2603978300
184 2.5150905433
458 2.5987525988
561 2.7839643653
703 2.8344671202
1014 3.2467532468
5000 3.2467532468
evaluations raw_y
1 0.8722958828
2 1.3572204126
5 1.4188422247
31 1.5923566879
36 1.6425755585
81 1.7337031900
86 1.9025875190
159 2.0798668885
425 2.1079258010
457 2.2281639929
485 2.7839643653
521 2.8344671202
733 2.8868360277
1206 2.9411764706
1223 3.3156498674
1484 3.3875338753
1623 3.4626038781
1955 3.7993920973
2251 4.2087542088
5000 3.9936102236
evaluations raw_y
1 0.9881422925
2 1.2007684918
10 1.3007284079
11 1.6254876463
21 1.9500780031
29 2.0798668885
146 2.1079258010
220 2.1367521368
266 2.2935779817
268 2.3629489603
363 2.3992322457
373 2.4366471735
440 2.5987525988
612 2.6881720430
784 2.7839643653
1257 2.9976019185
1552 3.1172069825
2129 3.1806615776
2144 3.2467532468
2288 3.3156498674
2454 3.5410764873
2671 3.7091988131
3209 4.2087542088
5000 4.2087542088
evaluations raw_y
1 0.5312367191
2 1.2690355330
13 2.0525451560
72 2.2935779817
175 2.4752475248
178 3.0562347188
284 3.1172069825
456 3.4626038781
767 4.0983606557
5000 2.9411764706
evaluations raw_y
1 1.0917030568
5 1.5605493134
39 1.8142235123
137 2.0259319287
161 2.1367521368
192 2.2281639929
193 2.3629489603
380 2.9976019185
928 3.5410764873
1401 4.0983606557
5000 4.0983606557
evaluations raw_y
1 1.3935340022
11 1.6600265604
83 1.6960651289
85 1.8573551263
99 2.0259319287
118 2.1968365554
452 2.6881720430
632 2.8344671202
866 2.9411764706
981 3.1806615776
1490 3.4626038781
5000 2.2281639929
evaluations raw_y
1 1.3691128149
3 1.6960651289
8 1.7337031900
17 1.7531556802
24 1.9260400616
50 2.2603978300
341 2.2935779817
371 2.5150905433
397 2.5987525988
531 2.6427061311
559 2.6881720430
681 2.9976019185
836 3.0562347188
885 3.3875338753
937 3.4626038781
1669 3.7091988131
2509 3.9936102236
5000 3.5410764873
evaluations raw_y
1 1.2388503469
9 1.4060742407
12 1.5605493134
104 1.6960651289
114 1.7531556802
162 2.1367521368
172 2.1968365554
239 2.3277467412
342 2.5562372188
443 2.7352297593
676 3.2467532468
1053 3.3875338753
1345 3.9936102236
5000 3.9936102236
evaluations raw_y
1 1.2007684918
4 1.2100677638
9 1.2794268168
14 1.3812154696
15 1.4450867052
28 1.4585764294
31 1.6600265604
44 1.7730496454
78 1.9500780031
83 2.0000000000
91 2.4366471735
213 2.5562372188
230 2.6881720430
451 2.7352297593
506 3.1806615776
651 3.4626038781
939 3.7091988131
1683 3.8940809969
1751 3.9936102236
1961 4.2087542088
5000 2.4366471735
evaluations raw_y
1 1.3691128149
2 1.5151515152
10 1.5451174289
14 1.6425755585
29 1.6778523490
38 1.7337031900
47 1.7934002869
75 2.0000000000
154 2.4366471735
435 2.4752475248
638 2.5562372188
705 2.5987525988
736 2.6427061311
785 2.7352297593
936 2.9976019185
1156 3.0562347188
1440 3.4626038781
1651 3.9936102236
5000 2.6881720430
evaluations raw_y
1 1.3455328310
5 1.3691128149
12 1.6600265604
15 1.7531556802
52 2.0000000000
124 2.2603978300
212 2.3629489603
504 2.6881720430
797 2.9976019185
820 3.1172069825
1334 3.1806615776
1532 3.3875338753
1683 3.5410764873
2520 3.7091988131
3036 3.7993920973
3288 3.8940809969
5000 2.4366471735
evaluations raw_y
1 1.1478420569
4 1.6960651289
57 1.7531556802
87 1.8796992481
164 2.0525451560
192 2.1968365554
282 2.4366471735
384 2.4752475248
469 2.5150905433
609 2.5987525988
630 2.6427061311
727 2.9976019185
920 3.1806615776
941 3.2467532468
1401 3.5410764873
2603 3.7091988131
2969 3.8940809969
3247 3.9936102236
3730 4.2087542088
5000 4.2087542088
evaluations raw_y
1 1.0008006405
2 1.3935340022
4 1.7730496454
23 1.8142235123
46 1.8355359765
92 1.8573551263
125 2.1663778163
192 2.4752475248
602 2.7839643653
649 3.1806615776
1190 3.5410764873
5000 2.5987525988
evaluations raw_y
1 1.2388503469
2 1.4318442153
7 1.6960651289
46 1.8573551263
135 2.0798668885
232 2.1079258010
253 2.1367521368
255 2.2281639929
259 2.3277467412
263 2.4366471735
335 2.8344671202
750 2.9976019185
1060 3.1806615776
1583 3.4626038781
1845 3.6231884058
1964 3.7993920973
2555 4.0983606557
5000 4.0983606557
evaluations raw_y
1 0.9077705156
2 0.9819324430
4 1.9025875190
109 2.2603978300
236 2.4752475248
381 2.6881720430
382 3.4626038781
565 3.6231884058
952 3.7993920973
5000 2.2281639929
evaluations raw_y
1 1.7146776406
50 1.7531556802
116 1.7730496454
140 1.8796992481
175 2.0798668885
321 2.1079258010
343 2.1367521368
412 2.2603978300
748 2.5150905433
803 2.5562372188
889 2.6427061311
1016 2.6881720430
1113 2.8344671202
1462 2.9411764706
1502 3.0562347188
1625 3.1806615776
1903 3.6231884058
5000 2.4752475248
evaluations raw_y
1 1.1478420569
3 1.9260400616
121 1.9747235387
207 2.0798668885
215 2.2603978300
382 2.3277467412
452 2.4752475248
583 3.0562347188
1518 3.3156498674
1756 3.4626038781
1945 3.5410764873
1983 3.7091988131
2420 3.7993920973
3092 4.0983606557
4203 4.2087542088
5000 4.2087542088
evaluations raw_y
1 1.1737089202
8 1.5299877601
12 1.9025875190
37 1.9260400616
60 1.9500780031
216 2.1367521368
330 2.2281639929
427 2.5150905433
792 2.6881720430
992 2.7352297593
1152 2.9411764706
1686 3.0562347188
2015 3.3156498674
2086 3.7993920973
5000 2.8344671202
evaluations raw_y
1 1.0407993339
3 1.4450867052
9 1.5605493134
15 1.6960651289
37 1.7337031900
213 2.0259319287
215 2.1079258010
248 2.2603978300
572 2.4752475248
829 2.5150905433
866 2.6881720430
1434 2.7352297593
1458 3.0562347188
1825 3.1172069825
2082 3.1806615776
2539 3.6231884058
3666 3.7993920973
5000 2.5150905433
evaluations raw_y
1 1.7730496454
4 2.2935779817
583 2.4752475248
799 2.5562372188
946 2.7352297593
1319 2.9411764706
1370 3.1806615776
2396 3.6231884058
2700 3.9936102236
5000 3.9936102236
evaluations raw_y
1 0.9462528388
2 1.4585764294
4 1.8355359765
26 2.1968365554
298 2.2603978300
329 2.9411764706
5000 2.2603978300
evaluations raw_y
1 1.3116474292
7 1.4723203769
17 1.9747235387
106 2.1663778163
217 3.0562347188
683 3.7993920973
1456 4.0983606557
5000 2.8868360277
evaluations raw_y
1 0.9578544061
2 1.2588116818
3 1.5151515152
21 1.6087516088
46 1.6425755585
59 1.6600265604
68 1.7934002869
102 1.8142235123
125 1.9500780031
240 2.2935779817
285 2.3629489603
726 2.6427061311
1033 2.8344671202
1874 2.8868360277
2246 3.3875338753
2377 3.5410764873
2926 4.0983606557
3372 4.7169811321
5000 4.7169811321
evaluations raw_y
1 0.9697439876
3 1.0271158587
7 1.1150758252
8 1.3227513228
9 1.3455328310
11 1.5299877601
26 1.6254876463
36 1.6960651289
38 1.7531556802
80 1.8142235123
154 1.8355359765
164 1.8573551263
397 1.9500780031
438 2.0798668885
732 2.1367521368
733 2.1968365554
784 2.2603978300
1108 2.5562372188
1257 2.7839643653
1358 2.9411764706
1612 3.0562347188
1833 4.3252595156
2589 4.4483985765
5000 4.4483985765
evaluations raw_y
1 0.9293680297
3 1.5451174289
5 1.7337031900
6 1.8355359765
30 1.9500780031
161 2.1079258010
250 2.1367521368
252 2.2603978300
421 2.7839643653
665 3.9936102236
5000 3.2467532468
evaluations raw_y
1 1.0841283608
4 1.3812154696
8 1.4060742407
18 2.0259319287
92 2.1079258010
111 2.5150905433
1176 2.7352297593
1690 2.9411764706
1952 3.2467532468
2094 3.7993920973
2943 3.9936102236
4655 4.5787545788
5000 3.9936102236
evaluations raw_y
1 1.2388503469
4 1.4188422247
6 1.7146776406
8 1.8142235123
153 1.8796992481
325 1.9260400616
433 2.2935779817
770 2.4366471735
994 2.6881720430
1635 2.7352297593
2255 3.1806615776
2340 3.5410764873
2716 3.7993920973
5000 3.7993920973
evaluations raw_y
1 1.2899896801
2 1.6960651289
10 1.7531556802
32 1.8355359765
66 2.9976019185
536 3.0562347188
801 3.1806615776
1528 3.2467532468
1634 3.5410764873
5000 3.5410764873
evaluations raw_y
1 0.8674531575
2 1.0407993339
4 1.2388503469
7 1.4863258026
11 1.7337031900
19 1.8142235123
49 2.8344671202
397 3.3156498674
1479 3.3875338753
2079 3.4626038781
3049 3.5410764873
3373 3.6231884058
5000 3.6231884058
evaluations raw_y
1 0.3352105122
2 0.8090614887
3 1.4723203769
6 1.5006002401
12 1.6254876463
29 1.7146776406
33 2.2935779817
258 2.3629489603
569 2.5562372188
807 2.6427061311
824 2.6881720430
1202 2.9976019185
1918 3.8940809969
5000 2.3992322457
evaluations raw_y
1 0.9819324430
5 1.0339123242
13 1.0620220901
18 1.1071744907
21 1.5006002401
53 1.5605493134
67 1.5762925599
82 1.5923566879
120 1.6254876463
125 1.6600265604
129 1.8142235123
132 1.8573551263
210 2.3277467412
357 2.5987525988
482 2.8344671202
1534 2.9411764706
1858 3.3875338753
2470 3.6231884058
5000 3.6231884058
evaluations raw_y
1 1.0692899914
5 1.4060742407
9 1.8355359765
69 2.2281639929
688 2.2603978300
805 2.3629489603
1056 2.4752475248
1157 2.5150905433
1180 2.5562372188
1313 2.5987525988
1585 2.6427061311
1720 2.6881720430
1949 2.7352297593
2001 3.0562347188
2677 3.1172069825
3849 3.2467532468
4222 3.3156498674
4714 3.3875338753
5000 2.6427061311
evaluations raw_y
1 2.0000000000
173 2.4752475248
728 2.5987525988
984 2.8868360277
1515 2.9411764706
1570 3.1806615776
1966 3.2467532468
5000 2.4366471735
evaluations raw_y
1 1.2007684918
2 1.2690355330
11 1.6087516088
23 1.7337031900
75 1.7730496454
125 1.8573551263
145 2.1663778163
303 2.2603978300
464 2.2935779817
523 2.3277467412
654 2.3992322457
683 2.5150905433
702 2.6427061311
773 2.8344671202
1042 2.9976019185
1117 3.1172069825
1182 3.3875338753
1427 3.4626038781
1623 3.6231884058
1649 3.7993920973
3216 4.0983606557
5000 4.0983606557
evaluations raw_y
1 1.4723203769
2 1.5299877601
5 2.1079258010
105 2.5150905433
836 2.7352297593
912 2.9411764706
1559 2.9976019185
1624 3.0562347188
1889 3.1172069825
2090 3.3156498674
2292 3.7993920973
5000 3.7993920973
evaluations raw_y
1 0.9349289454
2 1.0204081633
6 1.1825922422
7 1.7337031900
32 2.1663778163
309 2.1968365554
418 2.2281639929
591 2.5562372188
799 2.5987525988
999 2.6427061311
1254 2.8868360277
1714 3.6231884058
2494 3.7091988131
2990 3.7993920973
5000 3.5410764873
evaluations raw_y
1 0.5223568742
2 0.9697439876
4 1.3812154696
8 1.5923566879
15 1.9025875190
56 2.4366471735
725 2.9411764706
897 3.0562347188
1096 3.1806615776
1614 3.4626038781
2222 3.5410764873
2355 3.7993920973
5000 3.7993920973
evaluations raw_y
1 1.0993843448
3 1.6087516088
46 1.6254876463
63 1.6960651289
91 1.7531556802
114 2.2281639929
612 3.1172069825
1059 3.2467532468
2907 3.3156498674
4854 3.3875338753
5000 3.3156498674
evaluations raw_y
1 0.6197322757
2 1.2487512488
3 1.5762925599
32 2.2603978300
175 2.3992322457
252 2.4366471735
308 2.4752475248
596 2.5150905433
679 2.9411764706
982 3.0562347188
1869 3.2467532468
1882 3.5410764873
2572 3.6231884058
2638 3.8940809969
3059 3.9936102236
5000 2.6881720430
evaluations raw_y
1 0.7654623393
2 1.2690355330
5 1.3691128149
6 1.7337031900
15 1.9747235387
148 2.0000000000
151 2.2603978300
241 2.8344671202
1726 2.9976019185
1890 3.1172069825
2780 3.2467532468
3487 3.5410764873
4050 4.3252595156
5000 2.6427061311
evaluations raw_y
1 1.4188422247
4 1.5605493134
5 2.0525451560
63 2.3992322457
458 2.7839643653
650 3.1172069825
1762 3.3875338753
1834 3.5410764873
2595 3.6231884058
5000 2.5562372188
evaluations raw_y
1 0.9758001561
2 1.1394712853
5 1.3572204126
7 1.4188422247
17 2.0798668885
250 2.1367521368
526 2.3629489603
941 2.5562372188
1019 2.5987525988
1226 2.9976019185
2362 3.1806615776
3043 3.3156498674
3580 3.4626038781
4086 3.7091988131
5000 3.7091988131
evaluations raw_y
1 0.8218277449
2 1.1825922422
5 2.2603978300
121 2.3629489603
226 2.5150905433
850 2.5562372188
1039 2.7839643653
1380 2.8344671202
1735 3.1806615776
2907 3.5410764873
3816 3.8940809969
5000 3.8940809969
evaluations raw_y
1 1.3812154696
3 1.4863258026
14 1.7934002869
29 1.9260400616
87 1.9500780031
313 1.9747235387
415 2.0525451560
426 2.7839643653
1717 3.1172069825
2394 3.2467532468
3249 3.3156498674
3702 3.3875338753
3707 3.5410764873
3832 3.6231884058
4629 4.0983606557
5000 3.2467532468
evaluations raw_y
1 0.7263219059
2 1.2388503469
4 1.3935340022
9 1.6778523490
15 1.8573551263
39 2.0000000000
56 2.3277467412
190 2.5987525988
619 2.6881720430
658 3.0562347188
1563 3.4626038781
1802 3.5410764873
2037 3.6231884058
5000 2.8868360277
evaluations raw_y
1 1.1478420569
2 1.1916110582
3 2.0000000000
171 2.3992322457
349 2.6427061311
1100 2.9976019185
2159 3.1172069825
2569 3.4626038781
2839 3.7091988131
3658 3.8940809969
3819 5.1867219917
5000 5.1867219917
evaluations raw_y
1 0.9405568096
2 1.1649580615
5 1.3812154696
9 1.5299877601
24 1.6425755585
25 1.7146776406
55 2.6427061311
333 2.8344671202
486 3.7091988131
2308 3.8940809969
2782 4.3252595156
5000 2.9976019185
evaluations raw_y
1 0.8090614887
2 0.9578544061
6 1.6254876463
16 1.7146776406
27 1.7730496454
45 1.7934002869
134 2.1663778163
202 2.4366471735
445 2.5150905433
586 2.5562372188
747 3.0562347188
915 3.1806615776
1596 3.3156498674
1885 3.4626038781
2311 3.7091988131
2476 3.9936102236
3547 4.0983606557
3878 4.2087542088
4174 4.5787545788
5000 2.9411764706
evaluations raw_y
1 1.2588116818
3 1.4585764294
18 1.5151515152
20 1.6960651289
42 1.9747235387
117 2.1367521368
229 2.2603978300
287 2.2935779817
393 2.5562372188
525 2.6427061311
612 2.7839643653
787 2.9411764706
1422 3.4626038781
1772 3.6231884058
2276 3.7993920973
5000 3.7993920973
evaluations raw_y
1 1.4723203769
14 1.7531556802
16 1.7934002869
79 1.9500780031
94 2.0525451560
187 2.0798668885
422 2.1663778163
425 2.1968365554
553 2.2603978300
591 2.5150905433
1126 2.6427061311
1273 2.9411764706
1684 3.4626038781
2794 3.7091988131
3124 3.7993920973
5000 3.1172069825
evaluations raw_y
1 1.0477787091
2 1.3340448239
5 1.7531556802
42 2.0000000000
83 2.3992322457
297 2.5562372188
447 2.5987525988
530 2.6427061311
664 2.8344671202
1083 2.9976019185
1285 3.0562347188
1432 3.6231884058
2301 4.3252595156
3594 4.7169811321
5000 3.2467532468
evaluations raw_y
1 0.3974562798
2 1.0477787091
3 1.1916110582
8 1.3340448239
12 1.4450867052
15 1.5451174289
52 1.6778523490
97 2.2603978300
362 2.5150905433
764 2.8344671202
1256 2.8868360277
1591 2.9411764706
2061 3.3156498674
2752 3.7091988131
5000 3.7091988131
evaluations raw_y
1 0.7730364873
2 1.4863258026
33 1.7337031900
42 2.2935779817
221 2.4366471735
569 2.5562372188
1160 2.7352297593
1256 2.7839643653
1360 2.8344671202
1384 2.9411764706
1558 3.0562347188
1873 3.1806615776
2360 3.3156498674
2400 3.3875338753
3767 3.7993920973
5000 3.3156498674
evaluations raw_y
1 1.1312217195
3 1.3812154696
22 1.7146776406
97 1.7531556802
123 1.9025875190
211 1.9260400616
331 2.0525451560
434 2.1367521368
452 2.2281639929
459 2.3629489603
525 2.6881720430
1342 3.0562347188
1519 3.1172069825
2275 3.1806615776
2459 3.4626038781
2480 3.5410764873
3900 3.7091988131
5000 3.4626038781
evaluations raw_y
1 1.2487512488
3 1.3812154696
4 1.4863258026
21 1.8796992481
54 2.0000000000
65 2.1079258010
226 2.3277467412
276 2.4366471735
814 2.4752475248
826 2.5150905433
891 2.5562372188
1213 2.6427061311
1414 2.7839643653
1917 2.8344671202
2075 2.9411764706
2152 3.3875338753
3306 4.5787545788
5000 3.2467532468
evaluations raw_y
1 1.2690355330
2 1.6254876463
50 1.7146776406
56 1.7337031900
71 2.4752475248
706 2.5987525988
924 3.1172069825
1200 3.1806615776
1295 3.2467532468
1754 3.3875338753
2510 4.0983606557
5000 4.0983606557
evaluations raw_y
1 0.6673785371
2 1.2007684918
4 1.5151515152
9 1.7146776406
12 2.5987525988
615 2.6427061311
936 2.9411764706
1127 3.4626038781
1322 3.9936102236
2616 4.3252595156
2768 4.4483985765
5000 2.6881720430
evaluations raw_y
1 0.4662439388
2 1.4318442153
5 1.9500780031
39 2.2281639929
127 2.3277467412
527 2.4366471735
611 2.8868360277
1118 2.9976019185
1179 3.0562347188
1788 3.7993920973
2170 3.8940809969
3100 3.9936102236
3386 4.2087542088
5000 2.6881720430
evaluations raw_y
1 1.2388503469
4 1.2588116818
6 1.3455328310
7 2.2935779817
564 2.3992322457
750 2.4366471735
826 2.4752475248
947 2.5150905433
1205 2.7352297593
1643 2.7839643653
1848 2.8344671202
2389 3.0562347188
3055 3.4626038781
3557 3.7091988131
5000 3.2467532468
evaluations raw_y
1 1.2007684918
2 1.3116474292
6 1.3812154696
9 1.5762925599
25 1.5923566879
30 1.6425755585
95 1.6778523490
142 1.8355359765
275 1.8573551263
276 2.7352297593
809 2.7839643653
1113 2.9976019185
1435 3.0562347188
1589 3.3156498674
1798 3.4626038781
1805 3.7993920973
2001 3.8940809969
2177 3.9936102236
5000 3.3875338753
evaluations raw_y
1 0.6100536847
2 1.0477787091
3 1.5006002401
16 1.8142235123
22 2.1079258010
27 2.1968365554
387 2.2603978300
428 2.5987525988
847 2.6427061311
1698 3.0562347188
1983 3.1172069825
3064 3.2467532468
3533 3.3156498674
3623 3.3875338753
4167 3.4626038781
5000 2.7839643653
evaluations raw_y
1 1.1737089202
3 1.2794268168
8 1.5762925599
15 1.7730496454
83 1.8355359765
118 2.0798668885
140 2.1968365554
368 2.2935779817
728 2.3277467412
821 2.4366471735
1094 2.4752475248
1360 2.7352297593
1640 2.9411764706
2210 3.1806615776
2799 3.3875338753
3792 3.5410764873
4412 3.6231884058
4585 3.7091988131
5000 2.3992322457
evaluations raw_y
1 1.6960651289
4 1.8573551263
47 2.0000000000
62 2.0525451560
146 2.5987525988
1347 2.7839643653
2042 3.1172069825
3915 3.1806615776
4653 3.3875338753
5000 3.1806615776
evaluations raw_y
1 1.2195121951
2 1.8355359765
51 2.1367521368
678 2.4366471735
1314 2.9976019185
2370 3.3156498674
5000 2.2281639929
evaluations raw_y
1 0.6760411033
2 0.9578544061
4 1.3116474292
7 1.5762925599
12 1.8142235123
62 1.9260400616
150 2.0525451560
695 2.1367521368
783 2.2281639929
929 2.7352297593
2518 2.8344671202
2848 3.1172069825
4183 3.3875338753
5000 2.4752475248
evaluations raw_y
1 1.0841283608
4 1.6600265604
12 1.6778523490
21 1.7531556802
37 1.7730496454
88 2.1367521368
377 2.2281639929
534 2.3629489603
952 2.5562372188
1394 2.7352297593
2091 2.8344671202
2222 2.8868360277
2845 3.0562347188
3027 3.1172069825
3111 3.1806615776
3975 3.6231884058
4408 3.7091988131
5000 3.1806615776
evaluations raw_y
1 1.2487512488
6 1.3812154696
10 1.5006002401
16 1.9747235387
118 2.3629489603
402 2.5987525988
2090 2.9976019185
2884 3.0562347188
4061 3.1806615776
4211 3.2467532468
5000 3.0562347188
evaluations raw_y
1 1.5006002401
22 1.5762925599
70 1.5923566879
90 1.6087516088
96 1.7146776406
105 1.7337031900
138 2.0000000000
352 2.4366471735
1625 2.6427061311
1775 2.6881720430
2056 2.9411764706
3264 3.1806615776
4057 3.2467532468
5000 3.1806615776
evaluations raw_y
1 1.2794268168
18 1.7146776406
113 1.8142235123
145 1.9747235387
346 2.0000000000
469 2.1663778163
539 2.3277467412
828 2.3629489603
1045 2.3992322457
1694 2.7839643653
2323 3.0562347188
2508 3.1172069825
3304 3.3156498674
3350 3.3875338753
3525 3.5410764873
4761 3.7993920973
5000 3.1172069825
evaluations raw_y
1 0.9405568096
2 1.1071744907
4 1.1563367253
12 1.7531556802
25 1.9025875190
33 2.3992322457
489 2.5987525988
759 2.8344671202
1073 2.8868360277
1933 3.1806615776
2535 3.3156498674
3451 3.7993920973
5000 3.3156498674
evaluations raw_y
1 0.9578544061
2 1.3340448239
4 1.4060742407
19 1.4585764294
24 1.4723203769
40 1.5006002401
47 1.8142235123
96 2.2281639929
717 2.3277467412
1236 2.4366471735
1639 2.5150905433
1918 2.6881720430
2306 2.7839643653
2623 2.8868360277
3144 2.9411764706
3252 2.9976019185
4287 3.1172069825
4867 3.1806615776
5000 1.4585764294
evaluations raw_y
1 0.5518763797
2 1.0692899914
4 1.0917030568
6 1.3455328310
14 1.5605493134
18 1.7934002869
47 2.6881720430
1487 2.7352297593
1564 2.7839643653
1727 2.9411764706
2145 3.1172069825
2502 3.5410764873
2933 4.0983606557
5000 4.0983606557
evaluations raw_y
1 0.9130752374
5 1.3007284079
6 1.3340448239
10 1.5006002401
12 1.5762925599
15 1.5923566879
25 1.6254876463
32 1.6960651289
56 2.0525451560
355 2.2935779817
1018 2.4366471735
1494 2.7839643653
1554 2.9976019185
3390 3.1806615776
5000 1.0008006405
evaluations raw_y
1 1.0917030568
2 1.2794268168
4 1.3227513228
6 1.4060742407
21 1.4723203769
30 1.6960651289
45 1.7531556802
100 1.8355359765
172 2.2935779817
624 2.5562372188
975 2.5987525988
1430 2.7352297593
2836 2.7839643653
3140 2.8868360277
4115 3.0562347188
4494 3.1806615776
4949 3.3156498674
5000 2.7352297593
evaluations raw_y
1 0.8532423208
2 0.9462528388
3 0.9819324430
4 1.8796992481
27 2.3277467412
515 2.5562372188
614 2.5987525988
2569 2.8344671202
2973 2.9411764706
3754 3.1172069825
4796 3.3875338753
5000 2.5562372188
evaluations raw_y
1 0.8048937540
2 0.9758001561
3 1.1649580615
5 1.3007284079
11 1.3691128149
18 1.8573551263
50 2.3992322457
429 2.5562372188
1937 2.8868360277
2915 2.9976019185
5000 1.3340448239
evaluations raw_y
1 0.7400828893
2 1.6254876463
3 1.6425755585
7 1.7337031900
20 2.1367521368
511 2.4366471735
1389 2.6427061311
1568 2.8868360277
2959 2.9976019185
4032 3.1172069825
5000 2.7839643653
evaluations raw_y
1 1.6087516088
17 2.0525451560
162 2.7352297593
1126 2.8344671202
1312 3.1172069825
1823 3.3156498674
2197 3.3875338753
3762 3.8940809969
5000 2.0525451560
evaluations raw_y
1 0.9349289454
4 1.3227513228
15 1.6600265604
42 2.1367521368
233 2.1663778163
293 2.2603978300
512 2.3992322457
551 2.4752475248
672 2.7839643653
1717 2.8868360277
1941 2.9411764706
2236 3.1806615776
3361 3.3875338753
5000 1.1312217195
evaluations raw_y
1 1.0477787091
6 1.2100677638
11 1.4450867052
34 1.6600265604
43 1.6778523490
60 1.6960651289
72 2.0000000000
216 2.0259319287
518 2.1663778163
549 2.4366471735
1161 2.9976019185
1843 3.6231884058
2827 3.7091988131
4284 3.9936102236
4996 4.4483985765
5000 2.5150905433
evaluations raw_y
1 1.1916110582
3 1.6087516088
9 1.7531556802
72 1.7934002869
73 1.8355359765
106 2.1367521368
745 2.1968365554
784 2.4366471735
1116 2.7352297593
2319 3.0562347188
3895 3.1172069825
4277 3.3156498674
4470 4.0983606557
5000 2.8344671202
evaluations raw_y
1 1.3116474292
6 1.4450867052
11 1.5605493134
64 1.5762925599
77 1.9260400616
365 2.1968365554
671 2.3629489603
752 2.4366471735
1593 2.4752475248
1596 2.5987525988
2021 2.6427061311
2087 3.1172069825
2981 3.4626038781
5000 2.3629489603
evaluations raw_y
1 1.2195121951
6 1.8573551263
85 2.0000000000
86 2.2281639929
508 2.2603978300
525 2.9976019185
1158 3.0562347188
1810 3.2467532468
1941 3.7091988131
5000 2.7352297593
evaluations raw_y
1 1.2487512488
2 1.6600265604
6 1.6778523490
64 1.7337031900
89 2.2935779817
252 2.4752475248
1273 2.8344671202
1800 2.9411764706
1956 3.0562347188
2830 3.3156498674
4152 3.6231884058
5000 0.7436049970
evaluations raw_y
1 1.1563367253
3 1.5923566879
7 1.7337031900
38 2.1663778163
78 2.2281639929
486 2.5562372188
796 2.6881720430
896 3.1806615776
2911 3.2467532468
3275 3.4626038781
4256 3.6231884058
5000 1.7730496454
evaluations raw_y
1 0.9578544061
4 1.8573551263
10 2.0798668885
217 2.1968365554
416 2.2935779817
512 2.3277467412
577 2.5987525988
1649 2.6881720430
2034 2.8344671202
2627 3.2467532468
4616 3.7091988131
5000 2.7839643653
evaluations raw_y
1 1.0204081633
4 1.1916110582
13 1.3227513228
19 1.4863258026
26 1.6087516088
33 1.6425755585
37 1.6600265604
55 1.6960651289
90 2.0259319287
91 2.1079258010
156 2.5150905433
352 2.7839643653
1096 2.9976019185
1351 3.4626038781
1900 3.5410764873
2875 3.9936102236
5000 3.5410764873
evaluations raw_y
1 0.6789788159
2 1.1478420569
4 1.1563367253
5 1.3812154696
8 2.0000000000
66 2.2935779817
680 2.3629489603
1252 2.3992322457
1442 2.8344671202
3427 2.9411764706
4412 3.5410764873
5000 1.0137875101
evaluations raw_y
1 1.6087516088
6 1.7146776406
15 2.2603978300
37 2.2935779817
278 2.5987525988
494 2.6881720430
627 2.7352297593
639 2.7839643653
2200 3.2467532468
3758 3.4626038781
5000 2.2603978300
evaluations raw_y
1 1.3691128149
3 1.4723203769
13 1.6600265604
45 2.2935779817
724 2.3629489603
834 2.7352297593
2570 3.1806615776
4959 3.3156498674
5000 1.6254876463
evaluations raw_y
1 1.6087516088
26 1.6600265604
76 1.7337031900
133 1.7531556802
145 1.8142235123
189 2.1079258010
649 2.4366471735
1176 2.7839643653
1220 2.9976019185
2307 3.0562347188
3417 3.2467532468
4937 3.4626038781
5000 1.5006002401
evaluations raw_y
1 1.6960651289
28 2.1968365554
147 2.4752475248
1189 2.7352297593
1908 2.7839643653
2675 2.8344671202
2676 2.8868360277
2763 2.9976019185
3715 3.3875338753
5000 1.5006002401
evaluations raw_y
1 0.9238728751
2 0.9819324430
3 1.4585764294
18 1.8142235123
78 2.3992322457
1421 2.7352297593
2107 3.3156498674
4195 4.0983606557
5000 2.6427061311
evaluations raw_y
1 0.9130752374
2 0.9944311854
3 1.5451174289
14 1.6425755585
53 1.7531556802
82 1.7934002869
189 1.8573551263
207 2.0000000000
468 2.0798668885
500 2.4366471735
983 2.6881720430
1148 3.1806615776
2305 3.3156498674
3986 3.3875338753
4060 3.4626038781
5000 2.3277467412
evaluations raw_y
1 0.7846829881
2 0.8175277959
3 1.2794268168
7 1.4188422247
10 1.5451174289
20 1.9500780031
51 2.0000000000
240 2.0525451560
266 2.3277467412
537 2.4752475248
939 2.5150905433
1275 2.5562372188
1543 2.9411764706
2233 3.5410764873
4499 3.7091988131
5000 1.6254876463
evaluations raw_y
1 1.2487512488
11 1.4585764294
16 1.5299877601
44 1.6087516088
50 1.8142235123
67 2.3992322457
840 2.4752475248
868 2.6427061311
1015 2.8344671202
1411 3.1172069825
3662 3.1806615776
4492 3.3156498674
5000 2.5150905433
evaluations raw_y
1 0.8771929825
2 0.9697439876
3 1.3812154696
28 1.6778523490
41 1.7337031900
46 1.8796992481
114 1.9025875190
315 1.9500780031
520 2.0798668885
525 2.2603978300
563 2.6427061311
1772 2.7352297593
2287 2.8344671202
2423 2.9411764706
3379 3.1172069825
4241 3.9936102236
5000 2.8344671202
evaluations raw_y
1 0.9520182788
4 1.2195121951
5 1.2690355330
14 1.3935340022
15 1.5451174289
16 1.7730496454
42 2.0000000000
109 2.1367521368
281 2.1968365554
345 2.2281639929
631 2.2935779817
666 2.5150905433
679 2.5987525988
1090 2.9976019185
1581 3.5410764873
4795 3.7993920973
5000 2.1079258010
evaluations raw_y
1 1.3007284079
15 1.6600265604
21 1.9500780031
219 2.0525451560
579 2.5987525988
1924 2.6881720430
2461 2.7839643653
2491 2.8344671202
3386 3.0562347188
3399 3.3875338753
4184 3.7091988131
5000 1.4450867052
evaluations raw_y
1 0.8771929825
2 1.0841283608
4 1.3227513228
9 1.3935340022
19 1.5006002401
29 1.5151515152
39 1.7730496454
124 1.8355359765
194 1.9747235387
255 2.2281639929
574 2.3277467412
849 2.4366471735
1234 2.7352297593
1354 2.7839643653
2074 2.8344671202
2145 2.8868360277
2756 2.9976019185
2926 3.1172069825
3867 3.3875338753
5000 2.8344671202
evaluations raw_y
1 0.4648568241
2 1.1312217195
3 1.5006002401
7 2.0798668885
149 2.1968365554
352 2.2935779817
574 2.3277467412
837 2.3992322457
1068 2.5562372188
1479 2.8344671202
1493 2.8868360277
1677 3.6231884058
5000 2.1663778163
evaluations raw_y
1 1.0841283608
5 1.6778523490
18 1.7146776406
105 1.7337031900
127 1.7531556802
131 1.8142235123
169 2.5150905433
223 2.7839643653
2903 2.9411764706
2936 3.0562347188
3675 3.7993920973
5000 1.3691128149
evaluations raw_y
1 0.7263219059
2 0.9758001561
3 1.1737089202
6 1.2899896801
7 1.4450867052
12 1.6600265604
41 1.7934002869
79 2.0259319287
412 2.3629489603
1362 2.3992322457
1409 2.6427061311
2643 2.6881720430
2789 2.7839643653
5000 1.7337031900
evaluations raw_y
1 0.8218277449
2 1.7146776406
25 1.7337031900
39 1.9025875190
70 2.0000000000
86 2.0798668885
184 2.2603978300
249 2.2935779817
896 2.3629489603
1243 2.5150905433
1769 2.9411764706
3623 2.9976019185
3757 3.1806615776
4093 3.2467532468
4234 3.3156498674
5000 1.6778523490
evaluations raw_y
1 0.9293680297
3 1.3227513228
11 1.3935340022
14 1.5151515152
20 1.5762925599
31 2.0798668885
162 2.1079258010
179 2.1663778163
199 2.3992322457
519 2.4752475248
837 2.5150905433
1218 2.8868360277
3623 3.4626038781
5000 0.8771929825
evaluations raw_y
1 1.3227513228
6 1.5299877601
29 1.5451174289
47 1.5923566879
52 1.7146776406
58 1.8796992481
61 1.9747235387
147 2.2935779817
786 2.4752475248
947 2.5987525988
1383 2.6881720430
2195 2.8344671202
4136 2.8868360277
4164 2.9976019185
4768 3.0562347188
5000 2.0525451560
evaluations raw_y
1 0.9293680297
2 1.3116474292
7 1.4585764294
12 1.5151515152
39 1.5923566879
42 1.6425755585
49 1.7146776406
107 2.2935779817
444 2.3277467412
610 2.5987525988
1283 3.1172069825
4298 3.1806615776
4420 3.2467532468
4457 3.7993920973
5000 2.0259319287
