evaluations raw_y
1 -484.0000000000
2 -477.0000000000
4 -262.0000000000
8 -228.0000000000
69 -222.0000000000
99 -214.0000000000
249 -174.0000000000
1279 -121.0000000000
2111 -102.0000000000
2589 -75.0000000000
3294 -56.0000000000
3373 -54.0000000000
4190 -49.0000000000
4326 -35.0000000000
4384 -15.0000000000
5612 -8.0000000000
6372 -1.0000000000
6744 4.0000000000
7094 5.0000000000
9058 6.0000000000
12051 7.0000000000
100000 7.0000000000
evaluations raw_y
1 -302.0000000000
4 -289.0000000000
32 -248.0000000000
108 -161.0000000000
1128 -154.0000000000
1524 -148.0000000000
1816 -141.0000000000
2166 -108.0000000000
2481 -101.0000000000
2603 -94.0000000000
2617 -88.0000000000
2958 -87.0000000000
3088 -75.0000000000
3586 -48.0000000000
4092 -42.0000000000
4595 -41.0000000000
4680 -35.0000000000
4705 -28.0000000000
5766 -22.0000000000
5792 -3.0000000000
6007 -2.0000000000
7308 4.0000000000
7423 5.0000000000
10210 6.0000000000
45621 7.0000000000
100000 7.0000000000
evaluations raw_y
1 -255.0000000000
37 -208.0000000000
179 -194.0000000000
271 -154.0000000000
1571 -148.0000000000
1864 -121.0000000000
2536 -114.0000000000
2630 -108.0000000000
2744 -101.0000000000
3120 -76.0000000000
3672 -61.0000000000
4580 -47.0000000000
4624 -10.0000000000
5084 -9.0000000000
5503 -3.0000000000
6741 3.0000000000
7603 5.0000000000
10770 6.0000000000
100000 6.0000000000
evaluations raw_y
1 -443.0000000000
2 -282.0000000000
11 -281.0000000000
17 -261.0000000000
24 -228.0000000000
138 -148.0000000000
247 -134.0000000000
1011 -128.0000000000
2301 -101.0000000000
2702 -94.0000000000
3193 -41.0000000000
3881 -8.0000000000
6736 4.0000000000
7854 5.0000000000
9905 6.0000000000
14881 7.0000000000
100000 7.0000000000
evaluations raw_y
1 -544.0000000000
3 -295.0000000000
9 -202.0000000000
86 -174.0000000000
770 -148.0000000000
1545 -147.0000000000
1563 -87.0000000000
2293 -74.0000000000
2584 -47.0000000000
3277 -41.0000000000
4197 -22.0000000000
4560 -14.0000000000
4586 -9.0000000000
6229 -3.0000000000
6310 -2.0000000000
6549 3.0000000000
6833 6.0000000000
100000 6.0000000000
evaluations raw_y
1 -161.0000000000
355 -114.0000000000
1526 -107.0000000000
2443 -101.0000000000
2645 -87.0000000000
2703 -74.0000000000
3245 -67.0000000000
3753 -48.0000000000
4509 -35.0000000000
4590 -29.0000000000
5253 -27.0000000000
5335 -22.0000000000
5599 -21.0000000000
5751 -7.0000000000
6561 -2.0000000000
6692 4.0000000000
8142 6.0000000000
100000 6.0000000000
evaluations raw_y
1 -389.0000000000
2 -315.0000000000
13 -288.0000000000
23 -282.0000000000
25 -135.0000000000
1302 -129.0000000000
1818 -114.0000000000
2774 -108.0000000000
3384 -102.0000000000
3455 -95.0000000000
3581 -88.0000000000
3771 -87.0000000000
4001 -68.0000000000
4289 -61.0000000000
4512 -48.0000000000
4714 -22.0000000000
5717 -16.0000000000
5862 -8.0000000000
6643 2.0000000000
7329 4.0000000000
9078 5.0000000000
13114 6.0000000000
19483 7.0000000000
100000 7.0000000000
evaluations raw_y
1 -429.0000000000
4 -322.0000000000
7 -282.0000000000
43 -275.0000000000
62 -255.0000000000
64 -195.0000000000
872 -194.0000000000
1022 -188.0000000000
1201 -154.0000000000
1648 -134.0000000000
2027 -128.0000000000
2438 -74.0000000000
3351 -62.0000000000
4224 -54.0000000000
4691 -48.0000000000
5102 -42.0000000000
5148 -29.0000000000
5449 -15.0000000000
6444 -8.0000000000
7032 -7.0000000000
7437 -2.0000000000
7976 -1.0000000000
8178 4.0000000000
9259 5.0000000000
10507 6.0000000000
15180 7.0000000000
100000 7.0000000000
evaluations raw_y
1 -336.0000000000
3 -302.0000000000
9 -275.0000000000
21 -201.0000000000
96 -188.0000000000
1088 -155.0000000000
1756 -114.0000000000
2017 -108.0000000000
2525 -88.0000000000
2692 -41.0000000000
4017 -29.0000000000
4317 -28.0000000000
4541 -22.0000000000
4548 -15.0000000000
5155 -3.0000000000
6325 -2.0000000000
6528 4.0000000000
7131 5.0000000000
9728 6.0000000000
14560 7.0000000000
100000 7.0000000000
evaluations raw_y
1 -396.0000000000
2 -369.0000000000
10 -356.0000000000
12 -335.0000000000
14 -269.0000000000
54 -215.0000000000
282 -208.0000000000
287 -174.0000000000
298 -168.0000000000
505 -148.0000000000
1161 -127.0000000000
2020 -101.0000000000
2677 -100.0000000000
2981 -81.0000000000
3160 -67.0000000000
3675 -54.0000000000
3692 -33.0000000000
4210 -21.0000000000
4582 -20.0000000000
4899 -16.0000000000
5376 -10.0000000000
5614 -9.0000000000
6493 -3.0000000000
6673 -1.0000000000
7350 4.0000000000
8522 5.0000000000
13580 6.0000000000
15145 7.0000000000
100000 7.0000000000
evaluations raw_y
1 -363.0000000000
6 -262.0000000000
41 -208.0000000000
107 -175.0000000000
1134 -168.0000000000
1146 -155.0000000000
1264 -121.0000000000
2127 -115.0000000000
2554 -82.0000000000
2909 -81.0000000000
3467 -74.0000000000
3482 -61.0000000000
3486 -42.0000000000
3646 -29.0000000000
4965 -22.0000000000
5523 -10.0000000000
6367 -9.0000000000
6728 2.0000000000
6746 3.0000000000
7509 4.0000000000
8128 5.0000000000
12345 6.0000000000
30859 7.0000000000
100000 7.0000000000
evaluations raw_y
1 -457.0000000000
3 -302.0000000000
39 -128.0000000000
1688 -116.0000000000
1986 -108.0000000000
2265 -107.0000000000
2467 -75.0000000000
3107 -67.0000000000
3722 -48.0000000000
4019 -42.0000000000
4039 -41.0000000000
4488 -36.0000000000
4543 -15.0000000000
4790 -14.0000000000
5764 -8.0000000000
6359 4.0000000000
7644 5.0000000000
9373 6.0000000000
10263 7.0000000000
100000 7.0000000000
evaluations raw_y
1 -322.0000000000
2 -302.0000000000
18 -282.0000000000
31 -255.0000000000
39 -248.0000000000
45 -221.0000000000
55 -155.0000000000
1180 -141.0000000000
1768 -140.0000000000
1860 -114.0000000000
2199 -94.0000000000
2311 -87.0000000000
3053 -74.0000000000
3321 -61.0000000000
3572 -48.0000000000
4937 -42.0000000000
5346 -9.0000000000
7213 -3.0000000000
7514 4.0000000000
8765 5.0000000000
13284 6.0000000000
100000 6.0000000000
evaluations raw_y
1 -335.0000000000
3 -329.0000000000
8 -308.0000000000
31 -255.0000000000
41 -208.0000000000
63 -188.0000000000
216 -167.0000000000
1123 -101.0000000000
2482 -93.0000000000
2533 -80.0000000000
3173 -62.0000000000
3505 -54.0000000000
4586 -42.0000000000
4692 -35.0000000000
5026 -34.0000000000
5209 -15.0000000000
5992 -9.0000000000
6345 -8.0000000000
6822 -3.0000000000
7173 -2.0000000000
7215 4.0000000000
7306 6.0000000000
100000 -8.0000000000
evaluations raw_y
1 -396.0000000000
4 -362.0000000000
12 -282.0000000000
21 -255.0000000000
38 -208.0000000000
179 -161.0000000000
1151 -148.0000000000
1322 -141.0000000000
1931 -88.0000000000
3443 -68.0000000000
3816 -41.0000000000
4885 -28.0000000000
5680 -22.0000000000
6009 -15.0000000000
6790 -8.0000000000
7194 -2.0000000000
8017 2.0000000000
8045 4.0000000000
8786 5.0000000000
35515 6.0000000000
44483 7.0000000000
100000 7.0000000000
evaluations raw_y
1 -571.0000000000
2 -356.0000000000
3 -335.0000000000
12 -322.0000000000
17 -248.0000000000
37 -194.0000000000
207 -188.0000000000
239 -141.0000000000
425 -134.0000000000
829 -128.0000000000
1172 -121.0000000000
2143 -115.0000000000
2328 -108.0000000000
2483 -54.0000000000
3116 -48.0000000000
4136 -35.0000000000
4633 -28.0000000000
4871 -8.0000000000
6550 -3.0000000000
6655 -2.0000000000
7004 -1.0000000000
7166 4.0000000000
8248 5.0000000000
10099 6.0000000000
14185 7.0000000000
100000 7.0000000000
evaluations raw_y
1 -396.0000000000
5 -349.0000000000
6 -248.0000000000
20 -235.0000000000
128 -234.0000000000
176 -228.0000000000
216 -221.0000000000
377 -154.0000000000
1110 -134.0000000000
1888 -128.0000000000
2134 -94.0000000000
2926 -88.0000000000
2955 -87.0000000000
3035 -68.0000000000
3782 -61.0000000000
3839 -48.0000000000
4842 -34.0000000000
5525 -22.0000000000
5696 -21.0000000000
6346 -16.0000000000
6415 -15.0000000000
6728 -2.0000000000
7413 -1.0000000000
7870 3.0000000000
8334 5.0000000000
11886 6.0000000000
100000 6.0000000000
evaluations raw_y
1 -235.0000000000
53 -228.0000000000
131 -215.0000000000
462 -208.0000000000
527 -188.0000000000
807 -154.0000000000
1635 -134.0000000000
2448 -121.0000000000
2628 -114.0000000000
3024 -74.0000000000
3547 -67.0000000000
3896 -35.0000000000
4560 -29.0000000000
5703 -17.0000000000
6528 -16.0000000000
6551 -14.0000000000
6610 -9.0000000000
6814 -3.0000000000
7419 3.0000000000
8936 5.0000000000
9380 6.0000000000
15987 7.0000000000
100000 7.0000000000
evaluations raw_y
1 -524.0000000000
2 -403.0000000000
3 -275.0000000000
30 -241.0000000000
59 -222.0000000000
278 -107.0000000000
2563 -87.0000000000
3560 -82.0000000000
3598 -67.0000000000
4111 -61.0000000000
4445 -48.0000000000
4560 -35.0000000000
4726 -28.0000000000
5220 -22.0000000000
5742 -16.0000000000
5957 -15.0000000000
6017 -4.0000000000
7123 -2.0000000000
7975 5.0000000000
12938 6.0000000000
26373 7.0000000000
100000 7.0000000000
evaluations raw_y
1 -457.0000000000
2 -416.0000000000
3 -282.0000000000
27 -268.0000000000
45 -255.0000000000
47 -168.0000000000
311 -154.0000000000
1545 -140.0000000000
2058 -108.0000000000
2160 -107.0000000000
2758 -100.0000000000
3055 -81.0000000000
3589 -74.0000000000
3969 -68.0000000000
4067 -42.0000000000
4787 -36.0000000000
5186 -35.0000000000
5262 -30.0000000000
5548 -23.0000000000
5666 -22.0000000000
6139 -16.0000000000
6165 -9.0000000000
6219 -4.0000000000
6545 -3.0000000000
7017 -1.0000000000
7378 3.0000000000
7438 4.0000000000
7539 5.0000000000
8136 6.0000000000
100000 6.0000000000
